,Date,User,XP,Event
0,1-5-2021,2098,10,getCraftingResult
1,1-5-2021,2098,10,updateLeashedState
2,1-5-2021,2098,10,addRecipesDye
3,1-5-2021,2098,10,findPlayerToAttack
4,1-5-2021,2098,10,dropFewItems
5,1-5-2021,2098,10,addRecipesTool
6,1-5-2021,2098,10,isBreedingItem
7,1-5-2021,2098,10,renderCrossedSquares
8,1-5-2021,2098,10,addRecipesTool
9,1-5-2021,2098,10,matches
10,1-5-2021,2098,10,dropFewItems
11,1-5-2021,2098,10,procreate
12,1-5-2021,2098,10,addRecipesCrafting
13,1-5-2021,2098,10,matches
14,1-5-2021,2098,10,canMineBlock
15,1-5-2021,2098,10,getEntityToAttack
16,1-5-2021,2098,10,addRecipesWeapon
17,1-5-2021,2098,10,addRecipesDye
18,1-5-2021,2098,10,dropFewItems
19,1-5-2021,2098,10,findPlayerToAttack
20,1-5-2021,2098,10,getCraftingResult
21,1-5-2021,2098,10,onCrafting
22,1-5-2021,2098,10,getCraftingResult
23,1-5-2021,2098,10,initCraftableStats
24,1-5-2021,2098,10,isInLove
25,1-5-2021,2098,10,attemptDamageItem
26,1-5-2021,2098,10,procreate
27,1-5-2021,2098,10,isInLove
28,1-5-2021,2098,10,addRecipesDyefood
29,1-5-2021,2098,10,addRecipesWeapon
30,1-5-2021,2098,10,isInLove
31,1-5-2021,2098,10,isBreedingItem
32,1-5-2021,2098,10,displayGUIWorkbench
33,1-5-2021,2098,10,fall
34,1-5-2021,2098,10,isInLove
35,1-5-2021,2098,10,aquaAffinity
36,1-5-2021,2098,10,addRecipesIngot
37,1-5-2021,2098,10,canMineBlock
38,1-5-2021,2098,10,onKillEntity
39,1-5-2021,2098,10,canPickUpLoot
40,1-5-2021,2098,10,doesContainerItemLeaveCraftingGrid
41,1-5-2021,2098,10,addRecipesTool
42,1-5-2021,2098,10,canMineBlock
43,1-5-2021,2098,10,renderCrossedSquares
44,1-5-2021,2098,10,addRecipesDye
45,1-5-2021,2098,10,addRecipesDyefood
46,1-5-2021,2098,10,addRecipesWeapon
47,1-5-2021,2098,10,addRecipesTool
48,1-5-2021,2098,10,addRecipesCrafting
49,1-5-2021,2098,10,addRecipesIngot
50,1-5-2021,2098,10,addRecipesIngot
51,1-5-2021,2098,10,matches
52,1-5-2021,2098,10,setInventorySlotContents
53,1-5-2021,2098,10,displayGUIWorkbench
54,1-5-2021,2098,10,onCrafting
55,1-5-2021,2098,10,initCraftableStats
56,1-5-2021,2098,10,getCraftingResult
57,1-5-2021,2098,10,doesContainerItemLeaveCraftingGrid
58,1-5-2021,2098,10,findPlayerToAttack
59,1-5-2021,2098,10,canBeSteered
60,1-5-2021,2098,10,fall
61,1-5-2021,2098,10,canMineBlock
62,1-5-2021,2098,10,addRecipesDye
63,1-5-2021,2098,10,addRecipesIngot
64,1-5-2021,2098,10,onCrafting
65,1-5-2021,2098,10,initCraftableStats
66,1-5-2021,2098,10,procreate
67,1-5-2021,2098,10,addRecipesTool
68,1-5-2021,2098,10,isBreedingItem
69,1-5-2021,2098,10,canMineBlock
70,1-5-2021,2098,10,canBeSteered
71,1-5-2021,2098,10,onKillEntity
72,1-5-2021,2098,10,isInLove
73,1-5-2021,2098,10,doesContainerItemLeaveCraftingGrid
74,1-5-2021,2098,10,addRecipesCrafting
75,1-5-2021,2098,10,attemptDamageItem
76,1-5-2021,2098,10,canMineBlock
77,1-5-2021,2098,10,renderCrossedSquares
78,1-5-2021,2098,10,addRecipesDye
79,1-5-2021,2098,10,addRecipesDyefood
80,1-5-2021,2098,10,addRecipesWeapon
81,1-5-2021,2098,10,addRecipesTool
82,1-5-2021,2098,10,addRecipesCrafting
83,1-5-2021,2098,10,addRecipesIngot
84,1-5-2021,2098,10,addRecipesIngot
85,1-5-2021,2098,10,matches
86,1-5-2021,2098,10,setInventorySlotContents
87,1-5-2021,2098,10,displayGUIWorkbench
88,1-5-2021,2098,10,onCrafting
89,1-5-2021,2098,10,initCraftableStats
90,1-5-2021,2098,10,getCraftingResult
91,1-5-2021,2098,10,doesContainerItemLeaveCraftingGrid
92,1-5-2021,2098,10,addRecipesDye
93,1-5-2021,2098,10,addRecipesDyefood
94,1-5-2021,2098,10,addRecipesWeapon
95,1-5-2021,2098,10,addRecipesTool
96,1-5-2021,2098,10,addRecipesCrafting
97,1-5-2021,2098,10,addRecipesIngot
98,1-5-2021,2098,10,addRecipesIngot
99,1-5-2021,2098,10,matches
100,1-5-2021,2098,10,setInventorySlotContents
101,1-5-2021,2098,10,displayGUIWorkbench
102,1-5-2021,2098,10,onCrafting
103,1-5-2021,2098,10,initCraftableStats
104,1-5-2021,2098,10,getCraftingResult
105,1-5-2021,2098,10,doesContainerItemLeaveCraftingGrid
106,1-5-2021,2098,10,addRecipesCrafting
107,1-5-2021,2098,10,addRecipesIngot
108,1-5-2021,2098,10,addRecipesIngot
109,1-5-2021,2098,10,matches
110,1-5-2021,2098,10,setInventorySlotContents
111,1-5-2021,2098,10,displayGUIWorkbench
112,1-5-2021,2098,10,onCrafting
113,1-5-2021,2098,10,initCraftableStats
114,1-5-2021,2098,10,getCraftingResult
115,1-5-2021,2098,10,doesContainerItemLeaveCraftingGrid
116,1-5-2021,2098,10,displayGUIWorkbench
117,1-5-2021,2098,10,onCrafting
118,1-5-2021,2098,10,initCraftableStats
119,1-5-2021,2098,10,getCraftingResult
120,1-5-2021,2098,10,doesContainerItemLeaveCraftingGrid
121,1-5-2021,2098,10,addRecipesWeapon
122,1-5-2021,2098,10,isBreedingItem
123,1-5-2021,2098,10,addRecipesIngot
124,1-5-2021,2098,10,getCraftingResult
125,1-5-2021,2098,10,miningPlayerEntId
126,1-5-2021,2098,10,onCrafting
127,1-5-2021,2098,10,onCrafting
128,1-5-2021,2098,10,aquaAffinity
129,1-5-2021,2098,10,aquaAffinity
130,1-5-2021,2098,10,canMineBlock
131,1-5-2021,2098,10,renderCrossedSquares
132,1-5-2021,2098,10,addRecipesDye
133,1-5-2021,2098,10,addRecipesDyefood
134,1-5-2021,2098,10,addRecipesWeapon
135,1-5-2021,2098,10,addRecipesTool
136,1-5-2021,2098,10,addRecipesCrafting
137,1-5-2021,2098,10,addRecipesIngot
138,1-5-2021,2098,10,addRecipesIngot
139,1-5-2021,2098,10,matches
140,1-5-2021,2098,10,setInventorySlotContents
141,1-5-2021,2098,10,displayGUIWorkbench
142,1-5-2021,2098,10,onCrafting
143,1-5-2021,2098,10,initCraftableStats
144,1-5-2021,2098,10,getCraftingResult
145,1-5-2021,2098,10,doesContainerItemLeaveCraftingGrid
146,1-5-2021,2098,10,canBeSteered
147,1-5-2021,2098,10,miningPlayerEntId
148,1-5-2021,2098,10,addRecipesDye
149,1-5-2021,2098,10,initCraftableStats
150,1-5-2021,2098,10,canMineBlock
151,1-5-2021,2098,10,renderCrossedSquares
152,1-5-2021,2098,10,addRecipesDye
153,1-5-2021,2098,10,addRecipesDyefood
154,1-5-2021,2098,10,addRecipesWeapon
155,1-5-2021,2098,10,canMineBlock
156,1-5-2021,2098,10,renderCrossedSquares
157,1-5-2021,2098,10,addRecipesDye
158,1-5-2021,2098,10,addRecipesDyefood
159,1-5-2021,2098,10,addRecipesWeapon
160,1-5-2021,2098,10,addRecipesTool
161,1-5-2021,2098,10,addRecipesCrafting
162,1-5-2021,2098,10,addRecipesIngot
163,1-5-2021,2098,10,addRecipesIngot
164,1-5-2021,2098,10,matches
165,1-5-2021,2098,10,setInventorySlotContents
166,1-5-2021,2098,10,displayGUIWorkbench
167,1-5-2021,2098,10,onCrafting
168,1-5-2021,2098,10,initCraftableStats
169,1-5-2021,2098,10,getCraftingResult
170,1-5-2021,2098,10,doesContainerItemLeaveCraftingGrid
171,1-5-2021,2098,10,addRecipesIngot
172,1-5-2021,2098,10,addRecipesIngot
173,1-5-2021,2098,10,matches
174,1-5-2021,2098,10,canMineBlock
175,1-5-2021,2098,10,renderCrossedSquares
176,1-5-2021,2098,10,addRecipesDye
177,1-5-2021,2098,10,addRecipesDyefood
178,1-5-2021,2098,10,addRecipesWeapon
179,1-5-2021,2098,10,addRecipesTool
180,1-5-2021,2098,10,addRecipesCrafting
181,1-5-2021,2098,10,addRecipesIngot
182,1-5-2021,2098,10,addRecipesIngot
183,1-5-2021,2098,10,matches
184,1-5-2021,2098,10,setInventorySlotContents
185,1-5-2021,2098,10,canMineBlock
186,1-5-2021,2098,10,renderCrossedSquares
187,1-5-2021,2098,10,canMineBlock
188,1-5-2021,2098,10,renderCrossedSquares
189,1-5-2021,2098,10,addRecipesDye
190,1-5-2021,2098,10,addRecipesDyefood
191,1-5-2021,2098,10,addRecipesWeapon
192,1-5-2021,2098,10,addRecipesTool
193,1-5-2021,2098,10,addRecipesCrafting
194,1-5-2021,2098,10,addRecipesIngot
195,1-5-2021,2098,10,addRecipesIngot
196,1-5-2021,2098,10,matches
197,1-5-2021,2098,10,setInventorySlotContents
198,1-5-2021,2098,10,displayGUIWorkbench
199,1-5-2021,2098,10,onCrafting
200,1-5-2021,2098,10,initCraftableStats
201,1-5-2021,2098,10,getCraftingResult
202,1-5-2021,2098,10,doesContainerItemLeaveCraftingGrid
203,1-5-2021,2098,10,dropFewItems
204,1-5-2021,2098,10,procreate
205,1-5-2021,2098,10,fall
206,1-5-2021,2098,10,findPlayerToAttack
207,1-5-2021,2098,10,canBeSteered
208,1-5-2021,2098,10,canMineBlock
209,1-5-2021,2098,10,canMineBlock
210,1-5-2021,2098,10,renderCrossedSquares
211,1-5-2021,2098,10,addRecipesDye
212,1-5-2021,2098,10,addRecipesDyefood
213,1-5-2021,2098,10,addRecipesWeapon
214,1-5-2021,2098,10,addRecipesTool
215,1-5-2021,2098,10,addRecipesCrafting
216,1-5-2021,2098,10,addRecipesIngot
217,1-5-2021,2098,10,addRecipesIngot
218,1-5-2021,2098,10,matches
219,1-5-2021,2098,10,setInventorySlotContents
220,1-5-2021,2098,10,displayGUIWorkbench
221,1-5-2021,2098,10,onCrafting
222,1-5-2021,2098,10,initCraftableStats
223,1-5-2021,2098,10,getCraftingResult
224,1-5-2021,2098,10,doesContainerItemLeaveCraftingGrid
225,1-5-2021,2098,10,setInventorySlotContents
226,1-5-2021,2098,10,displayGUIWorkbench
227,1-5-2021,2098,10,canMineBlock
228,1-5-2021,2098,10,renderCrossedSquares
229,1-5-2021,2098,10,addRecipesDye
230,1-5-2021,2098,10,addRecipesDyefood
231,1-5-2021,2098,10,addRecipesWeapon
232,1-5-2021,2098,10,addRecipesTool
233,1-5-2021,2098,10,addRecipesCrafting
234,1-5-2021,2098,10,addRecipesIngot
235,1-5-2021,2098,10,addRecipesIngot
236,1-5-2021,2098,10,matches
237,1-5-2021,2098,10,setInventorySlotContents
238,1-5-2021,2098,10,displayGUIWorkbench
239,1-5-2021,2098,10,onCrafting
240,1-5-2021,2098,10,initCraftableStats
241,1-5-2021,2098,10,getCraftingResult
242,1-5-2021,2098,10,doesContainerItemLeaveCraftingGrid
243,1-5-2021,2098,10,getCraftingResult
244,1-5-2021,2098,10,doesContainerItemLeaveCraftingGrid
245,1-5-2021,2098,10,dropFewItems
246,1-5-2021,2098,10,onKillEntity
247,1-5-2021,2098,10,dropFewItems
248,1-5-2021,2098,10,matches
249,1-5-2021,2098,10,onCrafting
250,1-5-2021,2098,10,addRecipesDyefood
251,1-5-2021,2098,10,procreate
252,1-5-2021,2098,10,attemptDamageItem
253,1-5-2021,2098,10,updateLeashedState
254,1-5-2021,2098,10,procreate
255,1-5-2021,2098,10,initCraftableStats
256,1-5-2021,2098,10,miningPlayerEntId
257,1-5-2021,2098,10,matches
258,1-5-2021,2098,10,onKillEntity
259,1-5-2021,2098,10,isBreedingItem
260,1-5-2021,2098,10,renderCrossedSquares
261,1-5-2021,2098,10,addRecipesDyefood
262,1-5-2021,2098,10,fall
263,1-5-2021,2098,10,findPlayerToAttack
264,1-5-2021,2098,10,canMineBlock
265,1-5-2021,2098,10,renderCrossedSquares
266,1-5-2021,2098,10,addRecipesDye
267,1-5-2021,2098,10,addRecipesDyefood
268,1-5-2021,2098,10,addRecipesWeapon
269,1-5-2021,2098,10,addRecipesTool
270,1-5-2021,2098,10,addRecipesCrafting
271,1-5-2021,2098,10,addRecipesIngot
272,1-5-2021,2098,10,addRecipesIngot
273,1-5-2021,2098,10,matches
274,1-5-2021,2098,10,setInventorySlotContents
275,1-5-2021,2098,10,displayGUIWorkbench
276,1-5-2021,2098,10,onCrafting
277,1-5-2021,2098,10,initCraftableStats
278,1-5-2021,2098,10,getCraftingResult
279,1-5-2021,2098,10,doesContainerItemLeaveCraftingGrid
280,1-5-2021,2098,10,matches
281,1-5-2021,2098,10,findPlayerToAttack
282,1-5-2021,2098,10,canBeSteered
283,1-5-2021,2098,10,findPlayerToAttack
284,1-5-2021,2098,10,canPickUpLoot
285,1-5-2021,2098,10,addRecipesDyefood
286,1-5-2021,2098,10,renderCrossedSquares
287,1-5-2021,2098,10,getEntityToAttack
288,1-5-2021,2098,10,onKillEntity
289,1-5-2021,2098,10,updateLeashedState
290,1-5-2021,2098,10,fall
291,1-5-2021,2098,10,getCraftingResult
292,1-5-2021,2098,10,canBeSteered
293,1-5-2021,2098,10,addRecipesDye
294,1-5-2021,2098,10,onCrafting
295,1-5-2021,2098,10,onKillEntity
296,1-5-2021,2098,10,canMineBlock
297,1-5-2021,2098,10,getCraftingResult
298,1-5-2021,2098,10,attemptDamageItem
299,1-5-2021,2098,10,initCraftableStats
300,2-5-2021,2098,10,addRecipesDye
301,2-5-2021,2098,10,onCrafting
302,2-5-2021,2098,10,addRecipesCrafting
303,2-5-2021,2098,10,getCraftingResult
304,2-5-2021,2098,10,canPickUpLoot
305,2-5-2021,2098,10,fall
306,2-5-2021,2098,10,getEntityToAttack
307,2-5-2021,2098,10,onKillEntity
308,2-5-2021,2098,10,displayGUIWorkbench
309,2-5-2021,2098,10,addRecipesDyefood
310,2-5-2021,2098,10,addRecipesIngot
311,2-5-2021,2098,10,setInventorySlotContents
312,2-5-2021,2098,10,displayGUIWorkbench
313,2-5-2021,2098,10,findPlayerToAttack
314,2-5-2021,2098,10,addRecipesWeapon
315,2-5-2021,2098,10,addRecipesTool
316,2-5-2021,2098,10,aquaAffinity
317,2-5-2021,2098,10,matches
318,2-5-2021,2098,10,addRecipesTool
319,2-5-2021,2098,10,attemptDamageItem
320,2-5-2021,2098,10,getCraftingResult
321,2-5-2021,2098,10,canPickUpLoot
322,2-5-2021,2098,10,displayGUIWorkbench
323,2-5-2021,2098,10,attemptDamageItem
324,2-5-2021,2098,10,getCraftingResult
325,2-5-2021,2098,10,addRecipesCrafting
326,2-5-2021,2098,10,addRecipesWeapon
327,2-5-2021,2098,10,addRecipesTool
328,2-5-2021,2098,10,canBeSteered
329,2-5-2021,2098,10,fall
330,2-5-2021,2098,10,doesContainerItemLeaveCraftingGrid
331,2-5-2021,2098,10,procreate
332,2-5-2021,2098,10,matches
333,2-5-2021,2098,10,fall
334,2-5-2021,2098,10,onCrafting
335,2-5-2021,2098,10,aquaAffinity
336,2-5-2021,2098,10,getEntityToAttack
337,2-5-2021,2098,10,addRecipesWeapon
338,2-5-2021,2098,10,addRecipesIngot
339,2-5-2021,2098,10,fall
340,2-5-2021,2098,10,findPlayerToAttack
341,2-5-2021,2098,10,fall
342,2-5-2021,2098,10,matches
343,2-5-2021,2098,10,fall
344,2-5-2021,2098,10,fall
345,2-5-2021,2098,10,dropFewItems
346,2-5-2021,2098,10,dropFewItems
347,2-5-2021,2098,10,onCrafting
348,2-5-2021,2098,10,dropFewItems
349,2-5-2021,2098,10,isInLove
350,2-5-2021,2098,10,attemptDamageItem
351,2-5-2021,2098,10,matches
352,2-5-2021,2098,10,addRecipesIngot
353,2-5-2021,2098,10,matches
354,2-5-2021,2098,10,fall
355,2-5-2021,2098,10,doesContainerItemLeaveCraftingGrid
356,2-5-2021,2098,10,applyArmorCalculations
357,2-5-2021,2098,10,initCraftableStats
358,2-5-2021,2098,10,procreate
359,2-5-2021,2098,10,onCrafting
360,2-5-2021,2098,10,canPickUpLoot
361,2-5-2021,2098,10,applyArmorCalculations
362,2-5-2021,2098,10,doesContainerItemLeaveCraftingGrid
363,2-5-2021,2098,10,addRecipesTool
364,2-5-2021,2098,10,procreate
365,2-5-2021,2098,10,miningPlayerEntId
366,2-5-2021,2098,10,onKillEntity
367,2-5-2021,2098,10,fall
368,2-5-2021,2098,10,addRecipesCrafting
369,2-5-2021,2098,10,canPickUpLoot
370,2-5-2021,2098,10,isInLove
371,2-5-2021,2098,10,isInLove
372,2-5-2021,2098,10,addRecipesDye
373,2-5-2021,2098,10,canBeSteered
374,2-5-2021,2098,10,isBreedingItem
375,2-5-2021,2098,10,isInLove
376,2-5-2021,2098,10,addRecipesCrafting
377,2-5-2021,2098,10,addRecipesTool
378,2-5-2021,2098,10,fall
379,2-5-2021,2098,10,displayGUIWorkbench
380,2-5-2021,2098,10,canPickUpLoot
381,2-5-2021,2098,10,canPickUpLoot
382,2-5-2021,2098,10,doesContainerItemLeaveCraftingGrid
383,2-5-2021,2098,10,fall
384,2-5-2021,2098,10,canPickUpLoot
385,2-5-2021,2098,10,addRecipesDyefood
386,2-5-2021,2098,10,setInventorySlotContents
387,2-5-2021,2098,10,doesContainerItemLeaveCraftingGrid
388,2-5-2021,2098,10,onCrafting
389,2-5-2021,2098,10,displayGUIWorkbench
390,2-5-2021,2098,10,aquaAffinity
391,2-5-2021,2098,10,miningPlayerEntId
392,2-5-2021,2098,10,fall
393,2-5-2021,2098,10,findPlayerToAttack
394,2-5-2021,2098,10,attemptDamageItem
395,2-5-2021,2098,10,updateLeashedState
396,2-5-2021,2098,10,dropFewItems
397,2-5-2021,2098,10,canBeSteered
398,2-5-2021,2098,10,displayGUIWorkbench
399,2-5-2021,2098,10,fall
400,2-5-2021,2098,10,onKillEntity
401,2-5-2021,2098,10,addRecipesWeapon
402,2-5-2021,2098,10,updateLeashedState
403,2-5-2021,2098,10,canMineBlock
404,2-5-2021,2098,10,onKillEntity
405,2-5-2021,2098,10,onCrafting
406,2-5-2021,2098,10,canBeSteered
407,2-5-2021,2098,10,canMineBlock
408,2-5-2021,2098,10,setInventorySlotContents
409,2-5-2021,2098,10,onKillEntity
410,2-5-2021,2098,10,onKillEntity
411,2-5-2021,2098,10,aquaAffinity
412,2-5-2021,2098,10,findPlayerToAttack
413,2-5-2021,2098,10,addRecipesDyefood
414,2-5-2021,2098,10,addRecipesWeapon
415,2-5-2021,2098,10,fall
416,2-5-2021,2098,10,canPickUpLoot
417,2-5-2021,2098,10,displayGUIWorkbench
418,2-5-2021,2098,10,onKillEntity
419,2-5-2021,2098,10,miningPlayerEntId
420,2-5-2021,2098,10,applyArmorCalculations
421,2-5-2021,2098,10,miningPlayerEntId
422,2-5-2021,2098,10,miningPlayerEntId
423,2-5-2021,2098,10,onKillEntity
424,2-5-2021,2098,10,procreate
425,2-5-2021,2098,10,aquaAffinity
426,2-5-2021,2098,10,canBeSteered
427,2-5-2021,2098,10,isInLove
428,2-5-2021,2098,10,canBeSteered
429,2-5-2021,2098,10,setInventorySlotContents
430,2-5-2021,2098,10,miningPlayerEntId
431,2-5-2021,2098,10,addRecipesCrafting
432,2-5-2021,2098,10,aquaAffinity
433,2-5-2021,2098,10,addRecipesTool
434,2-5-2021,2098,10,addRecipesDyefood
435,2-5-2021,2098,10,isBreedingItem
436,2-5-2021,2098,10,matches
437,2-5-2021,2098,10,initCraftableStats
438,2-5-2021,2098,10,canMineBlock
439,2-5-2021,2098,10,addRecipesCrafting
440,2-5-2021,2098,10,matches
441,2-5-2021,2098,10,addRecipesDye
442,2-5-2021,2098,10,renderCrossedSquares
443,2-5-2021,2098,10,addRecipesWeapon
444,2-5-2021,2098,10,addRecipesTool
445,2-5-2021,2098,10,matches
446,2-5-2021,2098,10,getCraftingResult
447,2-5-2021,2098,10,aquaAffinity
448,2-5-2021,2098,10,onKillEntity
449,2-5-2021,2098,10,addRecipesTool
450,2-5-2021,2098,10,getEntityToAttack
451,2-5-2021,2098,10,addRecipesCrafting
452,2-5-2021,2098,10,getCraftingResult
453,2-5-2021,2098,10,onKillEntity
454,2-5-2021,2098,10,applyArmorCalculations
455,2-5-2021,2098,10,dropFewItems
456,2-5-2021,2098,10,canMineBlock
457,2-5-2021,2098,10,setInventorySlotContents
458,2-5-2021,2098,10,findPlayerToAttack
459,2-5-2021,2098,10,fall
460,2-5-2021,2098,10,findPlayerToAttack
461,2-5-2021,2098,10,miningPlayerEntId
462,2-5-2021,2098,10,canPickUpLoot
463,2-5-2021,2098,10,addRecipesWeapon
464,2-5-2021,2098,10,renderCrossedSquares
465,2-5-2021,2098,10,getCraftingResult
466,2-5-2021,2098,10,applyArmorCalculations
467,2-5-2021,2098,10,addRecipesDyefood
468,2-5-2021,2098,10,addRecipesDye
469,2-5-2021,2098,10,attemptDamageItem
470,2-5-2021,2098,10,getEntityToAttack
471,2-5-2021,2098,10,aquaAffinity
472,2-5-2021,2098,10,isInLove
473,2-5-2021,2098,10,addRecipesDyefood
474,2-5-2021,2098,10,procreate
475,2-5-2021,2098,10,getCraftingResult
476,2-5-2021,2098,10,attemptDamageItem
477,2-5-2021,2098,10,addRecipesWeapon
478,2-5-2021,2098,10,isBreedingItem
479,2-5-2021,2098,10,getEntityToAttack
480,2-5-2021,2098,10,applyArmorCalculations
481,2-5-2021,2098,10,updateLeashedState
482,2-5-2021,2098,10,doesContainerItemLeaveCraftingGrid
483,2-5-2021,2098,10,canMineBlock
484,2-5-2021,2098,10,addRecipesCrafting
485,2-5-2021,2098,10,addRecipesIngot
486,2-5-2021,2098,10,updateLeashedState
487,2-5-2021,2098,10,onKillEntity
488,2-5-2021,2098,10,onCrafting
489,2-5-2021,2098,10,isBreedingItem
490,2-5-2021,2098,10,addRecipesDye
491,2-5-2021,2098,10,fall
492,2-5-2021,2098,10,onCrafting
493,2-5-2021,2098,10,addRecipesCrafting
494,2-5-2021,2098,10,dropFewItems
495,2-5-2021,2098,10,addRecipesIngot
496,2-5-2021,2098,10,addRecipesDye
497,2-5-2021,2098,10,doesContainerItemLeaveCraftingGrid
498,2-5-2021,2098,10,setInventorySlotContents
499,2-5-2021,2098,10,addRecipesCrafting
500,2-5-2021,2098,10,getEntityToAttack
501,2-5-2021,2098,10,attemptDamageItem
502,2-5-2021,2098,10,addRecipesWeapon
503,2-5-2021,2098,10,displayGUIWorkbench
504,2-5-2021,2098,10,attemptDamageItem
505,2-5-2021,2098,10,addRecipesIngot
506,2-5-2021,2098,10,addRecipesDye
507,2-5-2021,2098,10,onCrafting
508,2-5-2021,2098,10,applyArmorCalculations
509,2-5-2021,2098,10,fall
510,2-5-2021,2098,10,doesContainerItemLeaveCraftingGrid
511,2-5-2021,2098,10,updateLeashedState
512,2-5-2021,2098,10,matches
513,2-5-2021,2098,10,canMineBlock
514,2-5-2021,2098,10,displayGUIWorkbench
515,2-5-2021,2098,10,matches
516,2-5-2021,2098,10,applyArmorCalculations
517,2-5-2021,2098,10,getCraftingResult
518,2-5-2021,2098,10,onCrafting
519,2-5-2021,2098,10,setInventorySlotContents
520,2-5-2021,2098,10,addRecipesTool
521,2-5-2021,2098,10,renderCrossedSquares
522,2-5-2021,2098,10,dropFewItems
523,2-5-2021,2098,10,displayGUIWorkbench
524,2-5-2021,2098,10,onCrafting
525,2-5-2021,2098,10,isBreedingItem
526,2-5-2021,2098,10,doesContainerItemLeaveCraftingGrid
527,2-5-2021,2098,10,onCrafting
528,2-5-2021,2098,10,onKillEntity
529,2-5-2021,2098,10,renderCrossedSquares
530,2-5-2021,2098,10,addRecipesWeapon
531,2-5-2021,2098,10,addRecipesDye
532,2-5-2021,2098,10,isInLove
533,2-5-2021,2098,10,miningPlayerEntId
534,2-5-2021,2098,10,displayGUIWorkbench
535,2-5-2021,2098,10,addRecipesWeapon
536,2-5-2021,2098,10,getEntityToAttack
537,2-5-2021,2098,10,onKillEntity
538,2-5-2021,2098,10,setInventorySlotContents
539,2-5-2021,2098,10,addRecipesIngot
540,2-5-2021,2098,10,displayGUIWorkbench
541,2-5-2021,2098,10,aquaAffinity
542,2-5-2021,2098,10,aquaAffinity
543,2-5-2021,2098,10,isInLove
544,2-5-2021,2098,10,attemptDamageItem
545,2-5-2021,2098,10,aquaAffinity
546,2-5-2021,2098,10,aquaAffinity
547,2-5-2021,2098,10,renderCrossedSquares
548,2-5-2021,2098,10,addRecipesCrafting
549,2-5-2021,2098,10,addRecipesTool
550,2-5-2021,2098,10,renderCrossedSquares
551,2-5-2021,2098,10,matches
552,2-5-2021,2098,10,setInventorySlotContents
553,2-5-2021,2098,10,onKillEntity
554,2-5-2021,2098,10,updateLeashedState
555,2-5-2021,2098,10,canBeSteered
556,2-5-2021,2098,10,applyArmorCalculations
557,2-5-2021,2098,10,updateLeashedState
558,2-5-2021,2098,10,setInventorySlotContents
559,2-5-2021,2098,10,fall
560,2-5-2021,2098,10,fall
561,2-5-2021,2098,10,addRecipesIngot
562,2-5-2021,2098,10,setInventorySlotContents
563,2-5-2021,2098,10,initCraftableStats
564,2-5-2021,2098,10,fall
565,2-5-2021,2098,10,initCraftableStats
566,2-5-2021,2098,10,getCraftingResult
567,2-5-2021,2098,10,onCrafting
568,2-5-2021,2098,10,findPlayerToAttack
569,2-5-2021,2098,10,displayGUIWorkbench
570,2-5-2021,2098,10,initCraftableStats
571,2-5-2021,2098,10,applyArmorCalculations
572,2-5-2021,2098,10,aquaAffinity
573,2-5-2021,2098,10,matches
574,2-5-2021,2098,10,matches
575,2-5-2021,2098,10,aquaAffinity
576,2-5-2021,2098,10,matches
577,2-5-2021,2098,10,renderCrossedSquares
578,2-5-2021,2098,10,addRecipesTool
579,2-5-2021,2098,10,procreate
580,2-5-2021,2098,10,matches
581,2-5-2021,2098,10,addRecipesCrafting
582,2-5-2021,2098,10,fall
583,2-5-2021,2098,10,canMineBlock
584,2-5-2021,2098,10,applyArmorCalculations
585,2-5-2021,2098,10,attemptDamageItem
586,2-5-2021,2098,10,applyArmorCalculations
587,2-5-2021,2098,10,addRecipesIngot
588,2-5-2021,2098,10,displayGUIWorkbench
589,2-5-2021,2098,10,renderCrossedSquares
590,2-5-2021,2098,10,attemptDamageItem
591,2-5-2021,2098,10,applyArmorCalculations
592,2-5-2021,2098,10,procreate
593,2-5-2021,2098,10,onKillEntity
594,2-5-2021,2098,10,canMineBlock
595,2-5-2021,2098,10,isBreedingItem
596,2-5-2021,2098,10,onKillEntity
597,2-5-2021,2098,10,fall
598,2-5-2021,2098,10,canBeSteered
599,2-5-2021,2098,10,onCrafting
600,3-5-2021,2098,10,aquaAffinity
601,3-5-2021,2098,10,procreate
602,3-5-2021,2098,10,onKillEntity
603,3-5-2021,2098,10,dropFewItems
604,3-5-2021,2098,10,addRecipesCrafting
605,3-5-2021,2098,10,getCraftingResult
606,3-5-2021,2098,10,addRecipesTool
607,3-5-2021,2098,10,dropFewItems
608,3-5-2021,2098,10,renderCrossedSquares
609,3-5-2021,2098,10,addRecipesDyefood
610,3-5-2021,2098,10,fall
611,3-5-2021,2098,10,attemptDamageItem
612,3-5-2021,2098,10,doesContainerItemLeaveCraftingGrid
613,3-5-2021,2098,10,onKillEntity
614,3-5-2021,2098,10,addRecipesDyefood
615,3-5-2021,2098,10,canMineBlock
616,3-5-2021,2098,10,canMineBlock
617,3-5-2021,2098,10,onKillEntity
618,3-5-2021,2098,10,aquaAffinity
619,3-5-2021,2098,10,canPickUpLoot
620,3-5-2021,2098,10,findPlayerToAttack
621,3-5-2021,2098,10,applyArmorCalculations
622,3-5-2021,2098,10,getEntityToAttack
623,3-5-2021,2098,10,miningPlayerEntId
624,3-5-2021,2098,10,fall
625,3-5-2021,2098,10,renderCrossedSquares
626,3-5-2021,2098,10,addRecipesTool
627,3-5-2021,2098,10,addRecipesDye
628,3-5-2021,2098,10,matches
629,3-5-2021,2098,10,onCrafting
630,3-5-2021,2098,10,procreate
631,3-5-2021,2098,10,displayGUIWorkbench
632,3-5-2021,2098,10,initCraftableStats
633,3-5-2021,2098,10,canBeSteered
634,3-5-2021,2098,10,initCraftableStats
635,3-5-2021,2098,10,updateLeashedState
636,3-5-2021,2098,10,fall
637,3-5-2021,2098,10,onKillEntity
638,3-5-2021,2098,10,onCrafting
639,3-5-2021,2098,10,isInLove
640,3-5-2021,2098,10,addRecipesDye
641,3-5-2021,2098,10,displayGUIWorkbench
642,3-5-2021,2098,10,applyArmorCalculations
643,3-5-2021,2098,10,doesContainerItemLeaveCraftingGrid
644,3-5-2021,2098,10,aquaAffinity
645,3-5-2021,2098,10,updateLeashedState
646,3-5-2021,2098,10,addRecipesWeapon
647,3-5-2021,2098,10,addRecipesTool
648,3-5-2021,2098,10,procreate
649,3-5-2021,2098,10,dropFewItems
650,3-5-2021,2098,10,addRecipesTool
651,3-5-2021,2098,10,addRecipesDye
652,3-5-2021,2098,10,onKillEntity
653,3-5-2021,2098,10,getCraftingResult
654,3-5-2021,2098,10,findPlayerToAttack
655,3-5-2021,2098,10,matches
656,3-5-2021,2098,10,onKillEntity
657,3-5-2021,2098,10,initCraftableStats
658,3-5-2021,2098,10,onCrafting
659,3-5-2021,2098,10,doesContainerItemLeaveCraftingGrid
660,3-5-2021,2098,10,onKillEntity
661,3-5-2021,2098,10,displayGUIWorkbench
662,3-5-2021,2098,10,getCraftingResult
663,3-5-2021,2098,10,findPlayerToAttack
664,3-5-2021,2098,10,miningPlayerEntId
665,3-5-2021,2098,10,addRecipesCrafting
666,3-5-2021,2098,10,getEntityToAttack
667,3-5-2021,2098,10,onCrafting
668,3-5-2021,2098,10,addRecipesDye
669,3-5-2021,2098,10,initCraftableStats
670,3-5-2021,2098,10,aquaAffinity
671,3-5-2021,2098,10,getCraftingResult
672,3-5-2021,2098,10,fall
673,3-5-2021,2098,10,doesContainerItemLeaveCraftingGrid
674,3-5-2021,2098,10,canMineBlock
675,3-5-2021,2098,10,aquaAffinity
676,3-5-2021,2098,10,isInLove
677,3-5-2021,2098,10,addRecipesIngot
678,3-5-2021,2098,10,onKillEntity
679,3-5-2021,2098,10,onKillEntity
680,3-5-2021,2098,10,setInventorySlotContents
681,3-5-2021,2098,10,onKillEntity
682,3-5-2021,2098,10,fall
683,3-5-2021,2098,10,doesContainerItemLeaveCraftingGrid
684,3-5-2021,2098,10,canMineBlock
685,3-5-2021,2098,10,canPickUpLoot
686,3-5-2021,2098,10,canBeSteered
687,3-5-2021,2098,10,getCraftingResult
688,3-5-2021,2098,10,isInLove
689,3-5-2021,2098,10,getCraftingResult
690,3-5-2021,2098,10,setInventorySlotContents
691,3-5-2021,2098,10,miningPlayerEntId
692,3-5-2021,2098,10,onKillEntity
693,3-5-2021,2098,10,setInventorySlotContents
694,3-5-2021,2098,10,fall
695,3-5-2021,2098,10,fall
696,3-5-2021,2098,10,miningPlayerEntId
697,3-5-2021,2098,10,addRecipesDyefood
698,3-5-2021,2098,10,getEntityToAttack
699,3-5-2021,2098,10,fall
700,3-5-2021,2098,10,addRecipesDyefood
701,3-5-2021,2098,10,displayGUIWorkbench
702,3-5-2021,2098,10,dropFewItems
703,3-5-2021,2098,10,dropFewItems
704,3-5-2021,2098,10,procreate
705,3-5-2021,2098,10,onCrafting
706,3-5-2021,2098,10,canPickUpLoot
707,3-5-2021,2098,10,updateLeashedState
708,3-5-2021,2098,10,canPickUpLoot
709,3-5-2021,2098,10,isInLove
710,3-5-2021,2098,10,displayGUIWorkbench
711,3-5-2021,2098,10,addRecipesTool
712,3-5-2021,2098,10,fall
713,3-5-2021,2098,10,getEntityToAttack
714,3-5-2021,2098,10,attemptDamageItem
715,3-5-2021,2098,10,updateLeashedState
716,3-5-2021,2098,10,updateLeashedState
717,3-5-2021,2098,10,fall
718,3-5-2021,2098,10,isBreedingItem
719,3-5-2021,2098,10,addRecipesCrafting
720,3-5-2021,2098,10,addRecipesCrafting
721,3-5-2021,2098,10,dropFewItems
722,3-5-2021,2098,10,setInventorySlotContents
723,3-5-2021,2098,10,applyArmorCalculations
724,3-5-2021,2098,10,isInLove
725,3-5-2021,2098,10,matches
726,3-5-2021,2098,10,onCrafting
727,3-5-2021,2098,10,addRecipesWeapon
728,3-5-2021,2098,10,getEntityToAttack
729,3-5-2021,2098,10,getCraftingResult
730,3-5-2021,2098,10,addRecipesCrafting
731,3-5-2021,2098,10,canPickUpLoot
732,3-5-2021,2098,10,addRecipesIngot
733,3-5-2021,2098,10,addRecipesIngot
734,3-5-2021,2098,10,fall
735,3-5-2021,2098,10,setInventorySlotContents
736,3-5-2021,2098,10,canPickUpLoot
737,3-5-2021,2098,10,getEntityToAttack
738,3-5-2021,2098,10,findPlayerToAttack
739,3-5-2021,2098,10,aquaAffinity
740,3-5-2021,2098,10,getCraftingResult
741,3-5-2021,2098,10,canMineBlock
742,3-5-2021,2098,10,onCrafting
743,3-5-2021,2098,10,matches
744,3-5-2021,2098,10,updateLeashedState
745,3-5-2021,2098,10,matches
746,3-5-2021,2098,10,onCrafting
747,3-5-2021,2098,10,isBreedingItem
748,3-5-2021,2098,10,canPickUpLoot
749,3-5-2021,2098,10,addRecipesCrafting
750,3-5-2021,2098,10,onCrafting
751,3-5-2021,2098,10,doesContainerItemLeaveCraftingGrid
752,3-5-2021,2098,10,addRecipesWeapon
753,3-5-2021,2098,10,renderCrossedSquares
754,3-5-2021,2098,10,findPlayerToAttack
755,3-5-2021,2098,10,updateLeashedState
756,3-5-2021,2098,10,findPlayerToAttack
757,3-5-2021,2098,10,displayGUIWorkbench
758,3-5-2021,2098,10,addRecipesDyefood
759,3-5-2021,2098,10,onKillEntity
760,3-5-2021,2098,10,applyArmorCalculations
761,3-5-2021,2098,10,doesContainerItemLeaveCraftingGrid
762,3-5-2021,2098,10,initCraftableStats
763,3-5-2021,2098,10,onKillEntity
764,3-5-2021,2098,10,addRecipesIngot
765,3-5-2021,2098,10,addRecipesIngot
766,3-5-2021,2098,10,findPlayerToAttack
767,3-5-2021,2098,10,setInventorySlotContents
768,3-5-2021,2098,10,initCraftableStats
769,3-5-2021,2098,10,onKillEntity
770,3-5-2021,2098,10,addRecipesDye
771,3-5-2021,2098,10,getEntityToAttack
772,3-5-2021,2098,10,attemptDamageItem
773,3-5-2021,2098,10,canBeSteered
774,3-5-2021,2098,10,addRecipesDye
775,3-5-2021,2098,10,isInLove
776,3-5-2021,2098,10,isBreedingItem
777,3-5-2021,2098,10,onCrafting
778,3-5-2021,2098,10,addRecipesIngot
779,3-5-2021,2098,10,isInLove
780,3-5-2021,2098,10,onCrafting
781,3-5-2021,2098,10,getCraftingResult
782,3-5-2021,2098,10,addRecipesCrafting
783,3-5-2021,2098,10,addRecipesTool
784,3-5-2021,2098,10,doesContainerItemLeaveCraftingGrid
785,3-5-2021,2098,10,onCrafting
786,3-5-2021,2098,10,addRecipesIngot
787,3-5-2021,2098,10,dropFewItems
788,3-5-2021,2098,10,canMineBlock
789,3-5-2021,2098,10,attemptDamageItem
790,3-5-2021,2098,10,applyArmorCalculations
791,3-5-2021,2098,10,doesContainerItemLeaveCraftingGrid
792,3-5-2021,2098,10,matches
793,3-5-2021,2098,10,addRecipesIngot
794,3-5-2021,2098,10,addRecipesWeapon
795,3-5-2021,2098,10,updateLeashedState
796,3-5-2021,2098,10,getCraftingResult
797,3-5-2021,2098,10,addRecipesDyefood
798,3-5-2021,2098,10,initCraftableStats
799,3-5-2021,2098,10,addRecipesWeapon
800,3-5-2021,2098,10,findPlayerToAttack
801,3-5-2021,2098,10,matches
802,3-5-2021,2098,10,onCrafting
803,3-5-2021,2098,10,isBreedingItem
804,3-5-2021,2098,10,canBeSteered
805,3-5-2021,2098,10,onKillEntity
806,3-5-2021,2098,10,addRecipesWeapon
807,3-5-2021,2098,10,doesContainerItemLeaveCraftingGrid
808,3-5-2021,2098,10,updateLeashedState
809,3-5-2021,2098,10,isBreedingItem
810,3-5-2021,2098,10,isBreedingItem
811,3-5-2021,2098,10,matches
812,3-5-2021,2098,10,dropFewItems
813,3-5-2021,2098,10,aquaAffinity
814,3-5-2021,2098,10,addRecipesDyefood
815,3-5-2021,2098,10,addRecipesTool
816,3-5-2021,2098,10,initCraftableStats
817,3-5-2021,2098,10,addRecipesWeapon
818,3-5-2021,2098,10,fall
819,3-5-2021,2098,10,initCraftableStats
820,3-5-2021,2098,10,matches
821,3-5-2021,2098,10,aquaAffinity
822,3-5-2021,2098,10,canBeSteered
823,3-5-2021,2098,10,findPlayerToAttack
824,3-5-2021,2098,10,onCrafting
825,3-5-2021,2098,10,matches
826,3-5-2021,2098,10,fall
827,3-5-2021,2098,10,displayGUIWorkbench
828,3-5-2021,2098,10,addRecipesTool
829,3-5-2021,2098,10,canBeSteered
830,3-5-2021,2098,10,matches
831,3-5-2021,2098,10,addRecipesDye
832,3-5-2021,2098,10,canBeSteered
833,3-5-2021,2098,10,doesContainerItemLeaveCraftingGrid
834,3-5-2021,2098,10,addRecipesTool
835,3-5-2021,2098,10,addRecipesTool
836,3-5-2021,2098,10,addRecipesDye
837,3-5-2021,2098,10,displayGUIWorkbench
838,3-5-2021,2098,10,dropFewItems
839,3-5-2021,2098,10,addRecipesDyefood
840,3-5-2021,2098,10,isInLove
841,3-5-2021,2098,10,addRecipesDyefood
842,3-5-2021,2098,10,initCraftableStats
843,3-5-2021,2098,10,miningPlayerEntId
844,3-5-2021,2098,10,setInventorySlotContents
845,3-5-2021,2098,10,fall
846,3-5-2021,2098,10,canPickUpLoot
847,3-5-2021,2098,10,addRecipesDye
848,3-5-2021,2098,10,displayGUIWorkbench
849,3-5-2021,2098,10,isBreedingItem
850,3-5-2021,2098,10,miningPlayerEntId
851,3-5-2021,2098,10,applyArmorCalculations
852,3-5-2021,2098,10,miningPlayerEntId
853,3-5-2021,2098,10,addRecipesTool
854,3-5-2021,2098,10,isInLove
855,3-5-2021,2098,10,attemptDamageItem
856,3-5-2021,2098,10,getCraftingResult
857,3-5-2021,2098,10,canBeSteered
858,3-5-2021,2098,10,canBeSteered
859,3-5-2021,2098,10,onKillEntity
860,3-5-2021,2098,10,dropFewItems
861,3-5-2021,2098,10,getEntityToAttack
862,3-5-2021,2098,10,fall
863,3-5-2021,2098,10,attemptDamageItem
864,3-5-2021,2098,10,addRecipesDyefood
865,3-5-2021,2098,10,initCraftableStats
866,3-5-2021,2098,10,displayGUIWorkbench
867,3-5-2021,2098,10,addRecipesIngot
868,3-5-2021,2098,10,aquaAffinity
869,3-5-2021,2098,10,renderCrossedSquares
870,3-5-2021,2098,10,addRecipesCrafting
871,3-5-2021,2098,10,addRecipesCrafting
872,3-5-2021,2098,10,addRecipesDye
873,3-5-2021,2098,10,fall
874,3-5-2021,2098,10,onCrafting
875,3-5-2021,2098,10,canBeSteered
876,3-5-2021,2098,10,addRecipesTool
877,3-5-2021,2098,10,initCraftableStats
878,3-5-2021,2098,10,addRecipesTool
879,3-5-2021,2098,10,addRecipesDye
880,3-5-2021,2098,10,updateLeashedState
881,3-5-2021,2098,10,addRecipesWeapon
882,3-5-2021,2098,10,doesContainerItemLeaveCraftingGrid
883,3-5-2021,2098,10,getEntityToAttack
884,3-5-2021,2098,10,getEntityToAttack
885,3-5-2021,2098,10,attemptDamageItem
886,3-5-2021,2098,10,getCraftingResult
887,3-5-2021,2098,10,addRecipesDye
888,3-5-2021,2098,10,addRecipesIngot
889,3-5-2021,2098,10,displayGUIWorkbench
890,3-5-2021,2098,10,doesContainerItemLeaveCraftingGrid
891,3-5-2021,2098,10,attemptDamageItem
892,3-5-2021,2098,10,onCrafting
893,3-5-2021,2098,10,renderCrossedSquares
894,3-5-2021,2098,10,updateLeashedState
895,3-5-2021,2098,10,matches
896,3-5-2021,2098,10,fall
897,3-5-2021,2098,10,canPickUpLoot
898,3-5-2021,2098,10,displayGUIWorkbench
899,3-5-2021,2098,10,canBeSteered
900,4-5-2021,2098,10,updateLeashedState
901,4-5-2021,2098,10,addRecipesDye
902,4-5-2021,2098,10,attemptDamageItem
903,4-5-2021,2098,10,onKillEntity
904,4-5-2021,2098,10,dropFewItems
905,4-5-2021,2098,10,aquaAffinity
906,4-5-2021,2098,10,onKillEntity
907,4-5-2021,2098,10,addRecipesDye
908,4-5-2021,2098,10,displayGUIWorkbench
909,4-5-2021,2098,10,fall
910,4-5-2021,2098,10,findPlayerToAttack
911,4-5-2021,2098,10,updateLeashedState
912,4-5-2021,2098,10,doesContainerItemLeaveCraftingGrid
913,4-5-2021,2098,10,aquaAffinity
914,4-5-2021,2098,10,canPickUpLoot
915,4-5-2021,2098,10,canMineBlock
916,4-5-2021,2098,10,applyArmorCalculations
917,4-5-2021,2098,10,getEntityToAttack
918,4-5-2021,2098,10,canBeSteered
919,4-5-2021,2098,10,onCrafting
920,4-5-2021,2098,10,findPlayerToAttack
921,4-5-2021,2098,10,addRecipesDyefood
922,4-5-2021,2098,10,updateLeashedState
923,4-5-2021,2098,10,renderCrossedSquares
924,4-5-2021,2098,10,fall
925,4-5-2021,2098,10,fall
926,4-5-2021,2098,10,isInLove
927,4-5-2021,2098,10,findPlayerToAttack
928,4-5-2021,2098,10,getCraftingResult
929,4-5-2021,2098,10,miningPlayerEntId
930,4-5-2021,2098,10,renderCrossedSquares
931,4-5-2021,2098,10,attemptDamageItem
932,4-5-2021,2098,10,onCrafting
933,4-5-2021,2098,10,addRecipesCrafting
934,4-5-2021,2098,10,initCraftableStats
935,4-5-2021,2098,10,addRecipesTool
936,4-5-2021,2098,10,canMineBlock
937,4-5-2021,2098,10,fall
938,4-5-2021,2098,10,updateLeashedState
939,4-5-2021,2098,10,aquaAffinity
940,4-5-2021,2098,10,addRecipesTool
941,4-5-2021,2098,10,aquaAffinity
942,4-5-2021,2098,10,addRecipesWeapon
943,4-5-2021,2098,10,addRecipesWeapon
944,4-5-2021,2098,10,addRecipesCrafting
945,4-5-2021,2098,10,matches
946,4-5-2021,2098,10,addRecipesIngot
947,4-5-2021,2098,10,dropFewItems
948,4-5-2021,2098,10,isInLove
949,4-5-2021,2098,10,getEntityToAttack
950,4-5-2021,2098,10,onCrafting
951,4-5-2021,2098,10,onKillEntity
952,4-5-2021,2098,10,getEntityToAttack
953,4-5-2021,2098,10,isBreedingItem
954,4-5-2021,2098,10,canBeSteered
955,4-5-2021,2098,10,matches
956,4-5-2021,2098,10,addRecipesIngot
957,4-5-2021,2098,10,canPickUpLoot
958,4-5-2021,2098,10,addRecipesWeapon
959,4-5-2021,2098,10,addRecipesDyefood
960,4-5-2021,2098,10,addRecipesTool
961,4-5-2021,2098,10,canMineBlock
962,4-5-2021,2098,10,findPlayerToAttack
963,4-5-2021,2098,10,canMineBlock
964,4-5-2021,2098,10,attemptDamageItem
965,4-5-2021,2098,10,fall
966,4-5-2021,2098,10,doesContainerItemLeaveCraftingGrid
967,4-5-2021,2098,10,addRecipesCrafting
968,4-5-2021,2098,10,onCrafting
969,4-5-2021,2098,10,dropFewItems
970,4-5-2021,2098,10,applyArmorCalculations
971,4-5-2021,2098,10,canBeSteered
972,4-5-2021,2098,10,matches
973,4-5-2021,2098,10,aquaAffinity
974,4-5-2021,2098,10,addRecipesTool
975,4-5-2021,2098,10,miningPlayerEntId
976,4-5-2021,2098,10,miningPlayerEntId
977,4-5-2021,2098,10,procreate
978,4-5-2021,2098,10,displayGUIWorkbench
979,4-5-2021,2098,10,isBreedingItem
980,4-5-2021,2098,10,addRecipesTool
981,4-5-2021,2098,10,onCrafting
982,4-5-2021,2098,10,attemptDamageItem
983,4-5-2021,2098,10,fall
984,4-5-2021,2098,10,updateLeashedState
985,4-5-2021,2098,10,isBreedingItem
986,4-5-2021,2098,10,canMineBlock
987,4-5-2021,2098,10,isBreedingItem
988,4-5-2021,2098,10,doesContainerItemLeaveCraftingGrid
989,4-5-2021,2098,10,initCraftableStats
990,4-5-2021,2098,10,fall
991,4-5-2021,2098,10,aquaAffinity
992,4-5-2021,2098,10,dropFewItems
993,4-5-2021,2098,10,addRecipesIngot
994,4-5-2021,2098,10,setInventorySlotContents
995,4-5-2021,2098,10,getCraftingResult
996,4-5-2021,2098,10,isInLove
997,4-5-2021,2098,10,addRecipesDyefood
998,4-5-2021,2098,10,miningPlayerEntId
999,4-5-2021,2098,10,onKillEntity
1000,4-5-2021,2098,10,canBeSteered
1001,4-5-2021,2098,10,fall
1002,4-5-2021,2098,10,aquaAffinity
1003,4-5-2021,2098,10,aquaAffinity
1004,4-5-2021,2098,10,initCraftableStats
1005,4-5-2021,2098,10,isInLove
1006,4-5-2021,2098,10,doesContainerItemLeaveCraftingGrid
1007,4-5-2021,2098,10,canBeSteered
1008,4-5-2021,2098,10,renderCrossedSquares
1009,4-5-2021,2098,10,fall
1010,4-5-2021,2098,10,matches
1011,4-5-2021,2098,10,displayGUIWorkbench
1012,4-5-2021,2098,10,initCraftableStats
1013,4-5-2021,2098,10,updateLeashedState
1014,4-5-2021,2098,10,miningPlayerEntId
1015,4-5-2021,2098,10,fall
1016,4-5-2021,2098,10,dropFewItems
1017,4-5-2021,2098,10,onCrafting
1018,4-5-2021,2098,10,addRecipesIngot
1019,4-5-2021,2098,10,isBreedingItem
1020,4-5-2021,2098,10,getEntityToAttack
1021,4-5-2021,2098,10,fall
1022,4-5-2021,2098,10,addRecipesDyefood
1023,4-5-2021,2098,10,canMineBlock
1024,4-5-2021,2098,10,doesContainerItemLeaveCraftingGrid
1025,4-5-2021,2098,10,matches
1026,4-5-2021,2098,10,onKillEntity
1027,4-5-2021,2098,10,fall
1028,4-5-2021,2098,10,setInventorySlotContents
1029,4-5-2021,2098,10,canBeSteered
1030,4-5-2021,2098,10,attemptDamageItem
1031,4-5-2021,2098,10,renderCrossedSquares
1032,4-5-2021,2098,10,fall
1033,4-5-2021,2098,10,isBreedingItem
1034,4-5-2021,2098,10,dropFewItems
1035,4-5-2021,2098,10,procreate
1036,4-5-2021,2098,10,matches
1037,4-5-2021,2098,10,addRecipesIngot
1038,4-5-2021,2098,10,getCraftingResult
1039,4-5-2021,2098,10,fall
1040,4-5-2021,2098,10,fall
1041,4-5-2021,2098,10,onCrafting
1042,4-5-2021,2098,10,renderCrossedSquares
1043,4-5-2021,2098,10,addRecipesIngot
1044,4-5-2021,2098,10,fall
1045,4-5-2021,2098,10,displayGUIWorkbench
1046,4-5-2021,2098,10,isInLove
1047,4-5-2021,2098,10,isBreedingItem
1048,4-5-2021,2098,10,isInLove
1049,4-5-2021,2098,10,onCrafting
1050,4-5-2021,2098,10,procreate
1051,4-5-2021,2098,10,updateLeashedState
1052,4-5-2021,2098,10,findPlayerToAttack
1053,4-5-2021,2098,10,aquaAffinity
1054,4-5-2021,2098,10,onCrafting
1055,4-5-2021,2098,10,onCrafting
1056,4-5-2021,2098,10,addRecipesIngot
1057,4-5-2021,2098,10,canBeSteered
1058,4-5-2021,2098,10,findPlayerToAttack
1059,4-5-2021,2098,10,updateLeashedState
1060,4-5-2021,2098,10,updateLeashedState
1061,4-5-2021,2098,10,displayGUIWorkbench
1062,4-5-2021,2098,10,onCrafting
1063,4-5-2021,2098,10,canPickUpLoot
1064,4-5-2021,2098,10,isInLove
1065,4-5-2021,2098,10,miningPlayerEntId
1066,4-5-2021,2098,10,addRecipesCrafting
1067,4-5-2021,2098,10,addRecipesCrafting
1068,4-5-2021,2098,10,setInventorySlotContents
1069,4-5-2021,2098,10,canBeSteered
1070,4-5-2021,2098,10,addRecipesCrafting
1071,4-5-2021,2098,10,getEntityToAttack
1072,4-5-2021,2098,10,doesContainerItemLeaveCraftingGrid
1073,4-5-2021,2098,10,getEntityToAttack
1074,4-5-2021,2098,10,renderCrossedSquares
1075,4-5-2021,2098,10,findPlayerToAttack
1076,4-5-2021,2098,10,procreate
1077,4-5-2021,2098,10,addRecipesIngot
1078,4-5-2021,2098,10,fall
1079,4-5-2021,2098,10,canPickUpLoot
1080,4-5-2021,2098,10,addRecipesIngot
1081,4-5-2021,2098,10,addRecipesIngot
1082,4-5-2021,2098,10,getCraftingResult
1083,4-5-2021,2098,10,fall
1084,4-5-2021,2098,10,addRecipesCrafting
1085,4-5-2021,2098,10,aquaAffinity
1086,4-5-2021,2098,10,miningPlayerEntId
1087,4-5-2021,2098,10,dropFewItems
1088,4-5-2021,2098,10,displayGUIWorkbench
1089,4-5-2021,2098,10,onKillEntity
1090,4-5-2021,2098,10,canBeSteered
1091,4-5-2021,2098,10,addRecipesWeapon
1092,4-5-2021,2098,10,renderCrossedSquares
1093,4-5-2021,2098,10,isBreedingItem
1094,4-5-2021,2098,10,matches
1095,4-5-2021,2098,10,matches
1096,4-5-2021,2098,10,isInLove
1097,4-5-2021,2098,10,addRecipesWeapon
1098,4-5-2021,2098,10,findPlayerToAttack
1099,4-5-2021,2098,10,updateLeashedState
1100,4-5-2021,2098,10,addRecipesTool
1101,4-5-2021,2098,10,dropFewItems
1102,4-5-2021,2098,10,onKillEntity
1103,4-5-2021,2098,10,fall
1104,4-5-2021,2098,10,attemptDamageItem
1105,4-5-2021,2098,10,addRecipesWeapon
1106,4-5-2021,2098,10,matches
1107,4-5-2021,2098,10,fall
1108,4-5-2021,2098,10,procreate
1109,4-5-2021,2098,10,isBreedingItem
1110,4-5-2021,2098,10,addRecipesWeapon
1111,4-5-2021,2098,10,addRecipesCrafting
1112,4-5-2021,2098,10,updateLeashedState
1113,4-5-2021,2098,10,fall
1114,4-5-2021,2098,10,getEntityToAttack
1115,4-5-2021,2098,10,onKillEntity
1116,4-5-2021,2098,10,addRecipesWeapon
1117,4-5-2021,2098,10,procreate
1118,4-5-2021,2098,10,updateLeashedState
1119,4-5-2021,2098,10,dropFewItems
1120,4-5-2021,2098,10,isBreedingItem
1121,4-5-2021,2098,10,applyArmorCalculations
1122,4-5-2021,2098,10,displayGUIWorkbench
1123,4-5-2021,2098,10,canMineBlock
1124,4-5-2021,2098,10,fall
1125,4-5-2021,2098,10,isBreedingItem
1126,4-5-2021,2098,10,procreate
1127,4-5-2021,2098,10,addRecipesWeapon
1128,4-5-2021,2098,10,aquaAffinity
1129,4-5-2021,2098,10,renderCrossedSquares
1130,4-5-2021,2098,10,onKillEntity
1131,4-5-2021,2098,10,getEntityToAttack
1132,4-5-2021,2098,10,isBreedingItem
1133,4-5-2021,2098,10,applyArmorCalculations
1134,4-5-2021,2098,10,addRecipesCrafting
1135,4-5-2021,2098,10,canBeSteered
1136,4-5-2021,2098,10,addRecipesIngot
1137,4-5-2021,2098,10,canPickUpLoot
1138,4-5-2021,2098,10,addRecipesIngot
1139,4-5-2021,2098,10,addRecipesDyefood
1140,4-5-2021,2098,10,fall
1141,4-5-2021,2098,10,addRecipesCrafting
1142,4-5-2021,2098,10,getCraftingResult
1143,4-5-2021,2098,10,addRecipesCrafting
1144,4-5-2021,2098,10,applyArmorCalculations
1145,4-5-2021,2098,10,onCrafting
1146,4-5-2021,2098,10,procreate
1147,4-5-2021,2098,10,onKillEntity
1148,4-5-2021,2098,10,applyArmorCalculations
1149,4-5-2021,2098,10,updateLeashedState
1150,4-5-2021,2098,10,addRecipesWeapon
1151,4-5-2021,2098,10,addRecipesCrafting
1152,4-5-2021,2098,10,applyArmorCalculations
1153,4-5-2021,2098,10,initCraftableStats
1154,4-5-2021,2098,10,addRecipesTool
1155,4-5-2021,2098,10,canPickUpLoot
1156,4-5-2021,2098,10,addRecipesCrafting
1157,4-5-2021,2098,10,procreate
1158,4-5-2021,2098,10,isInLove
1159,4-5-2021,2098,10,displayGUIWorkbench
1160,4-5-2021,2098,10,dropFewItems
1161,4-5-2021,2098,10,dropFewItems
1162,4-5-2021,2098,10,procreate
1163,4-5-2021,2098,10,displayGUIWorkbench
1164,4-5-2021,2098,10,fall
1165,4-5-2021,2098,10,canPickUpLoot
1166,4-5-2021,2098,10,canMineBlock
1167,4-5-2021,2098,10,matches
1168,4-5-2021,2098,10,setInventorySlotContents
1169,4-5-2021,2098,10,addRecipesIngot
1170,4-5-2021,2098,10,canPickUpLoot
1171,4-5-2021,2098,10,canPickUpLoot
1172,4-5-2021,2098,10,onCrafting
1173,4-5-2021,2098,10,updateLeashedState
1174,4-5-2021,2098,10,addRecipesIngot
1175,4-5-2021,2098,10,displayGUIWorkbench
1176,4-5-2021,2098,10,findPlayerToAttack
1177,4-5-2021,2098,10,canPickUpLoot
1178,4-5-2021,2098,10,aquaAffinity
1179,4-5-2021,2098,10,addRecipesDyefood
1180,4-5-2021,2098,10,aquaAffinity
1181,4-5-2021,2098,10,isBreedingItem
1182,4-5-2021,2098,10,procreate
1183,4-5-2021,2098,10,dropFewItems
1184,4-5-2021,2098,10,addRecipesDye
1185,4-5-2021,2098,10,addRecipesIngot
1186,4-5-2021,2098,10,initCraftableStats
1187,4-5-2021,2098,10,dropFewItems
1188,4-5-2021,2098,10,canMineBlock
1189,4-5-2021,2098,10,getCraftingResult
1190,4-5-2021,2098,10,doesContainerItemLeaveCraftingGrid
1191,4-5-2021,2098,10,isInLove
1192,4-5-2021,2098,10,renderCrossedSquares
1193,4-5-2021,2098,10,addRecipesDyefood
1194,4-5-2021,2098,10,addRecipesTool
1195,4-5-2021,2098,10,onCrafting
1196,4-5-2021,2098,10,renderCrossedSquares
1197,4-5-2021,2098,10,canMineBlock
1198,4-5-2021,2098,10,procreate
1199,4-5-2021,2098,10,aquaAffinity
1200,5-5-2021,2098,10,onKillEntity
1201,5-5-2021,2098,10,onCrafting
1202,5-5-2021,2098,10,procreate
1203,5-5-2021,2098,10,getEntityToAttack
1204,5-5-2021,2098,10,matches
1205,5-5-2021,2098,10,matches
1206,5-5-2021,2098,10,addRecipesIngot
1207,5-5-2021,2098,10,addRecipesWeapon
1208,5-5-2021,2098,10,isBreedingItem
1209,5-5-2021,2098,10,aquaAffinity
1210,5-5-2021,2098,10,fall
1211,5-5-2021,2098,10,findPlayerToAttack
1212,5-5-2021,2098,10,addRecipesCrafting
1213,5-5-2021,2098,10,addRecipesDye
1214,5-5-2021,2098,10,miningPlayerEntId
1215,5-5-2021,2098,10,addRecipesDye
1216,5-5-2021,2098,10,isBreedingItem
1217,5-5-2021,2098,10,fall
1218,5-5-2021,2098,10,addRecipesDye
1219,5-5-2021,2098,10,procreate
1220,5-5-2021,2098,10,initCraftableStats
1221,5-5-2021,2098,10,addRecipesTool
1222,5-5-2021,2098,10,fall
1223,5-5-2021,2098,10,addRecipesDyefood
1224,5-5-2021,2098,10,canPickUpLoot
1225,5-5-2021,2098,10,addRecipesDye
1226,5-5-2021,2098,10,findPlayerToAttack
1227,5-5-2021,2098,10,addRecipesDyefood
1228,5-5-2021,2098,10,onCrafting
1229,5-5-2021,2098,10,applyArmorCalculations
1230,5-5-2021,2098,10,canPickUpLoot
1231,5-5-2021,2098,10,procreate
1232,5-5-2021,2098,10,addRecipesWeapon
1233,5-5-2021,2098,10,addRecipesIngot
1234,5-5-2021,2098,10,matches
1235,5-5-2021,2098,10,addRecipesTool
1236,5-5-2021,2098,10,applyArmorCalculations
1237,5-5-2021,2098,10,renderCrossedSquares
1238,5-5-2021,2098,10,initCraftableStats
1239,5-5-2021,2098,10,doesContainerItemLeaveCraftingGrid
1240,5-5-2021,2098,10,initCraftableStats
1241,5-5-2021,2098,10,isInLove
1242,5-5-2021,2098,10,initCraftableStats
1243,5-5-2021,2098,10,applyArmorCalculations
1244,5-5-2021,2098,10,addRecipesDyefood
1245,5-5-2021,2098,10,attemptDamageItem
1246,5-5-2021,2098,10,updateLeashedState
1247,5-5-2021,2098,10,canMineBlock
1248,5-5-2021,2098,10,initCraftableStats
1249,5-5-2021,2098,10,initCraftableStats
1250,5-5-2021,2098,10,miningPlayerEntId
1251,5-5-2021,2098,10,displayGUIWorkbench
1252,5-5-2021,2098,10,dropFewItems
1253,5-5-2021,2098,10,procreate
1254,5-5-2021,2098,10,fall
1255,5-5-2021,2098,10,addRecipesCrafting
1256,5-5-2021,2098,10,addRecipesCrafting
1257,5-5-2021,2098,10,canMineBlock
1258,5-5-2021,2098,10,updateLeashedState
1259,5-5-2021,2098,10,canPickUpLoot
1260,5-5-2021,2098,10,getEntityToAttack
1261,5-5-2021,2098,10,addRecipesDyefood
1262,5-5-2021,2098,10,updateLeashedState
1263,5-5-2021,2098,10,renderCrossedSquares
1264,5-5-2021,2098,10,findPlayerToAttack
1265,5-5-2021,2098,10,miningPlayerEntId
1266,5-5-2021,2098,10,isInLove
1267,5-5-2021,2098,10,isInLove
1268,5-5-2021,2098,10,addRecipesTool
1269,5-5-2021,2098,10,displayGUIWorkbench
1270,5-5-2021,2098,10,setInventorySlotContents
1271,5-5-2021,2098,10,fall
1272,5-5-2021,2098,10,addRecipesTool
1273,5-5-2021,2098,10,doesContainerItemLeaveCraftingGrid
1274,5-5-2021,2098,10,updateLeashedState
1275,5-5-2021,2098,10,addRecipesTool
1276,5-5-2021,2098,10,addRecipesIngot
1277,5-5-2021,2098,10,canBeSteered
1278,5-5-2021,2098,10,initCraftableStats
1279,5-5-2021,2098,10,addRecipesWeapon
1280,5-5-2021,2098,10,aquaAffinity
1281,5-5-2021,2098,10,addRecipesDye
1282,5-5-2021,2098,10,applyArmorCalculations
1283,5-5-2021,2098,10,addRecipesDye
1284,5-5-2021,2098,10,isBreedingItem
1285,5-5-2021,2098,10,fall
1286,5-5-2021,2098,10,onKillEntity
1287,5-5-2021,2098,10,canMineBlock
1288,5-5-2021,2098,10,canPickUpLoot
1289,5-5-2021,2098,10,miningPlayerEntId
1290,5-5-2021,2098,10,addRecipesIngot
1291,5-5-2021,2098,10,isInLove
1292,5-5-2021,2098,10,applyArmorCalculations
1293,5-5-2021,2098,10,canPickUpLoot
1294,5-5-2021,2098,10,updateLeashedState
1295,5-5-2021,2098,10,onKillEntity
1296,5-5-2021,2098,10,canPickUpLoot
1297,5-5-2021,2098,10,addRecipesCrafting
1298,5-5-2021,2098,10,findPlayerToAttack
1299,5-5-2021,2098,10,updateLeashedState
1300,5-5-2021,2098,10,initCraftableStats
1301,5-5-2021,2098,10,getCraftingResult
1302,5-5-2021,2098,10,getCraftingResult
1303,5-5-2021,2098,10,applyArmorCalculations
1304,5-5-2021,2098,10,canMineBlock
1305,5-5-2021,2098,10,isInLove
1306,5-5-2021,2098,10,canMineBlock
1307,5-5-2021,2098,10,updateLeashedState
1308,5-5-2021,2098,10,initCraftableStats
1309,5-5-2021,2098,10,getCraftingResult
1310,5-5-2021,2098,10,addRecipesTool
1311,5-5-2021,2098,10,addRecipesDyefood
1312,5-5-2021,2098,10,addRecipesTool
1313,5-5-2021,2098,10,setInventorySlotContents
1314,5-5-2021,2098,10,updateLeashedState
1315,5-5-2021,2098,10,canMineBlock
1316,5-5-2021,2098,10,getEntityToAttack
1317,5-5-2021,2098,10,applyArmorCalculations
1318,5-5-2021,2098,10,addRecipesDyefood
1319,5-5-2021,2098,10,miningPlayerEntId
1320,5-5-2021,2098,10,dropFewItems
1321,5-5-2021,2098,10,canPickUpLoot
1322,5-5-2021,2098,10,addRecipesIngot
1323,5-5-2021,2098,10,applyArmorCalculations
1324,5-5-2021,2098,10,addRecipesCrafting
1325,5-5-2021,2098,10,applyArmorCalculations
1326,5-5-2021,2098,10,displayGUIWorkbench
1327,5-5-2021,2098,10,aquaAffinity
1328,5-5-2021,2098,10,isInLove
1329,5-5-2021,2098,10,initCraftableStats
1330,5-5-2021,2098,10,attemptDamageItem
1331,5-5-2021,2098,10,renderCrossedSquares
1332,5-5-2021,2098,10,onKillEntity
1333,5-5-2021,2098,10,getCraftingResult
1334,5-5-2021,2098,10,addRecipesCrafting
1335,5-5-2021,2098,10,initCraftableStats
1336,5-5-2021,2098,10,canMineBlock
1337,5-5-2021,2098,10,addRecipesDye
1338,5-5-2021,2098,10,dropFewItems
1339,5-5-2021,2098,10,matches
1340,5-5-2021,2098,10,onCrafting
1341,5-5-2021,2098,10,applyArmorCalculations
1342,5-5-2021,2098,10,matches
1343,5-5-2021,2098,10,initCraftableStats
1344,5-5-2021,2098,10,applyArmorCalculations
1345,5-5-2021,2098,10,setInventorySlotContents
1346,5-5-2021,2098,10,addRecipesDye
1347,5-5-2021,2098,10,dropFewItems
1348,5-5-2021,2098,10,isInLove
1349,5-5-2021,2098,10,displayGUIWorkbench
1350,5-5-2021,2098,10,setInventorySlotContents
1351,5-5-2021,2098,10,canMineBlock
1352,5-5-2021,2098,10,addRecipesDye
1353,5-5-2021,2098,10,updateLeashedState
1354,5-5-2021,2098,10,setInventorySlotContents
1355,5-5-2021,2098,10,updateLeashedState
1356,5-5-2021,2098,10,initCraftableStats
1357,5-5-2021,2098,10,aquaAffinity
1358,5-5-2021,2098,10,initCraftableStats
1359,5-5-2021,2098,10,getCraftingResult
1360,5-5-2021,2098,10,setInventorySlotContents
1361,5-5-2021,2098,10,addRecipesDye
1362,5-5-2021,2098,10,getCraftingResult
1363,5-5-2021,2098,10,isInLove
1364,5-5-2021,2098,10,addRecipesTool
1365,5-5-2021,2098,10,displayGUIWorkbench
1366,5-5-2021,2098,10,miningPlayerEntId
1367,5-5-2021,2098,10,canMineBlock
1368,5-5-2021,2098,10,findPlayerToAttack
1369,5-5-2021,2098,10,applyArmorCalculations
1370,5-5-2021,2098,10,attemptDamageItem
1371,5-5-2021,2098,10,addRecipesWeapon
1372,5-5-2021,2098,10,procreate
1373,5-5-2021,2098,10,getCraftingResult
1374,5-5-2021,2098,10,attemptDamageItem
1375,5-5-2021,2098,10,addRecipesDyefood
1376,5-5-2021,2098,10,canPickUpLoot
1377,5-5-2021,2098,10,canBeSteered
1378,5-5-2021,2098,10,addRecipesIngot
1379,5-5-2021,2098,10,canBeSteered
1380,5-5-2021,2098,10,fall
1381,5-5-2021,2098,10,procreate
1382,5-5-2021,2098,10,setInventorySlotContents
1383,5-5-2021,2098,10,addRecipesDyefood
1384,5-5-2021,2098,10,initCraftableStats
1385,5-5-2021,2098,10,miningPlayerEntId
1386,5-5-2021,2098,10,addRecipesCrafting
1387,5-5-2021,2098,10,fall
1388,5-5-2021,2098,10,onKillEntity
1389,5-5-2021,2098,10,getEntityToAttack
1390,5-5-2021,2098,10,addRecipesCrafting
1391,5-5-2021,2098,10,canMineBlock
1392,5-5-2021,2098,10,matches
1393,5-5-2021,2098,10,onCrafting
1394,5-5-2021,2098,10,miningPlayerEntId
1395,5-5-2021,2098,10,procreate
1396,5-5-2021,2098,10,onKillEntity
1397,5-5-2021,2098,10,doesContainerItemLeaveCraftingGrid
1398,5-5-2021,2098,10,fall
1399,5-5-2021,2098,10,fall
1400,5-5-2021,2098,10,addRecipesTool
1401,5-5-2021,2098,10,getCraftingResult
1402,5-5-2021,2098,10,canMineBlock
1403,5-5-2021,2098,10,addRecipesCrafting
1404,5-5-2021,2098,10,applyArmorCalculations
1405,5-5-2021,2098,10,matches
1406,5-5-2021,2098,10,miningPlayerEntId
1407,5-5-2021,2098,10,updateLeashedState
1408,5-5-2021,2098,10,applyArmorCalculations
1409,5-5-2021,2098,10,applyArmorCalculations
1410,5-5-2021,2098,10,addRecipesWeapon
1411,5-5-2021,2098,10,initCraftableStats
1412,5-5-2021,2098,10,findPlayerToAttack
1413,5-5-2021,2098,10,setInventorySlotContents
1414,5-5-2021,2098,10,addRecipesTool
1415,5-5-2021,2098,10,canPickUpLoot
1416,5-5-2021,2098,10,renderCrossedSquares
1417,5-5-2021,2098,10,matches
1418,5-5-2021,2098,10,applyArmorCalculations
1419,5-5-2021,2098,10,addRecipesTool
1420,5-5-2021,2098,10,procreate
1421,5-5-2021,2098,10,addRecipesWeapon
1422,5-5-2021,2098,10,canBeSteered
1423,5-5-2021,2098,10,fall
1424,5-5-2021,2098,10,addRecipesDye
1425,5-5-2021,2098,10,canPickUpLoot
1426,5-5-2021,2098,10,canBeSteered
1427,5-5-2021,2098,10,fall
1428,5-5-2021,2098,10,renderCrossedSquares
1429,5-5-2021,2098,10,applyArmorCalculations
1430,5-5-2021,2098,10,doesContainerItemLeaveCraftingGrid
1431,5-5-2021,2098,10,findPlayerToAttack
1432,5-5-2021,2098,10,getEntityToAttack
1433,5-5-2021,2098,10,fall
1434,5-5-2021,2098,10,addRecipesDye
1435,5-5-2021,2098,10,dropFewItems
1436,5-5-2021,2098,10,miningPlayerEntId
1437,5-5-2021,2098,10,canMineBlock
1438,5-5-2021,2098,10,fall
1439,5-5-2021,2098,10,addRecipesDye
1440,5-5-2021,2098,10,setInventorySlotContents
1441,5-5-2021,2098,10,setInventorySlotContents
1442,5-5-2021,2098,10,doesContainerItemLeaveCraftingGrid
1443,5-5-2021,2098,10,addRecipesCrafting
1444,5-5-2021,2098,10,addRecipesIngot
1445,5-5-2021,2098,10,addRecipesIngot
1446,5-5-2021,2098,10,getEntityToAttack
1447,5-5-2021,2098,10,isBreedingItem
1448,5-5-2021,2098,10,addRecipesDyefood
1449,5-5-2021,2098,10,applyArmorCalculations
1450,5-5-2021,2098,10,addRecipesTool
1451,5-5-2021,2098,10,renderCrossedSquares
1452,5-5-2021,2098,10,isInLove
1453,5-5-2021,2098,10,initCraftableStats
1454,5-5-2021,2098,10,fall
1455,5-5-2021,2098,10,canMineBlock
1456,5-5-2021,2098,10,addRecipesIngot
1457,5-5-2021,2098,10,isInLove
1458,5-5-2021,2098,10,displayGUIWorkbench
1459,5-5-2021,2098,10,addRecipesTool
1460,5-5-2021,2098,10,fall
1461,5-5-2021,2098,10,renderCrossedSquares
1462,5-5-2021,2098,10,displayGUIWorkbench
1463,5-5-2021,2098,10,addRecipesTool
1464,5-5-2021,2098,10,addRecipesIngot
1465,5-5-2021,2098,10,addRecipesWeapon
1466,5-5-2021,2098,10,matches
1467,5-5-2021,2098,10,applyArmorCalculations
1468,5-5-2021,2098,10,updateLeashedState
1469,5-5-2021,2098,10,miningPlayerEntId
1470,5-5-2021,2098,10,addRecipesWeapon
1471,5-5-2021,2098,10,addRecipesWeapon
1472,5-5-2021,2098,10,initCraftableStats
1473,5-5-2021,2098,10,canPickUpLoot
1474,5-5-2021,2098,10,canBeSteered
1475,5-5-2021,2098,10,onCrafting
1476,5-5-2021,2098,10,addRecipesDye
1477,5-5-2021,2098,10,canMineBlock
1478,5-5-2021,2098,10,applyArmorCalculations
1479,5-5-2021,2098,10,fall
1480,5-5-2021,2098,10,onCrafting
1481,5-5-2021,2098,10,dropFewItems
1482,5-5-2021,2098,10,findPlayerToAttack
1483,5-5-2021,2098,10,isInLove
1484,5-5-2021,2098,10,isBreedingItem
1485,5-5-2021,2098,10,dropFewItems
1486,5-5-2021,2098,10,onCrafting
1487,5-5-2021,2098,10,initCraftableStats
1488,5-5-2021,2098,10,fall
1489,5-5-2021,2098,10,findPlayerToAttack
1490,5-5-2021,2098,10,isBreedingItem
1491,5-5-2021,2098,10,renderCrossedSquares
1492,5-5-2021,2098,10,onKillEntity
1493,5-5-2021,2098,10,setInventorySlotContents
1494,5-5-2021,2098,10,getCraftingResult
1495,5-5-2021,2098,10,addRecipesWeapon
1496,5-5-2021,2098,10,dropFewItems
1497,5-5-2021,2098,10,getEntityToAttack
1498,5-5-2021,2098,10,renderCrossedSquares
1499,5-5-2021,2098,10,canPickUpLoot
